[gd_scene load_steps=9 format=2]

[ext_resource path="res://Assets/textures/grass.png" type="Texture" id=1]
[ext_resource path="res://addons/zylann.hterrain/hterrain.gd" type="Script" id=2]
[ext_resource path="res://addons/zylann.hterrain/hterrain_texture_set.gd" type="Script" id=3]
[ext_resource path="res://Terrain/Holmes/data.hterrain" type="Resource" id=4]
[ext_resource path="res://Assets/textures/sandrocks.jpg" type="Texture" id=5]
[ext_resource path="res://addons/zylann.scatter/scatter3d.gd" type="Script" id=6]
[ext_resource path="res://Scenes/props/Tree.tscn" type="PackedScene" id=7]

[sub_resource type="Resource" id=1]
script = ExtResource( 3 )
mode = 0
textures = [ [ ExtResource( 1 ), ExtResource( 5 ) ], [ ExtResource( 1 ), ExtResource( 5 ) ] ]

[node name="Forest" type="Spatial"]

[node name="Sun" type="DirectionalLight" parent="."]
transform = Transform( -0.525198, 0.845942, 0.0924633, 0.0766475, -0.0611891, 0.995179, 0.847521, 0.529753, -0.0327029, 0.0288553, -0.0795765, -0.0937672 )
shadow_enabled = true
directional_shadow_mode = 0

[node name="Stage" type="Spatial" parent="."]
script = ExtResource( 2 )
lod_scale = 2.0
centered = true
_terrain_data = ExtResource( 4 )
chunk_size = 32
collision_enabled = true
collision_layer = 1
collision_mask = 1
shader_type = "Classic4Lite"
custom_shader = null
custom_globalmap_shader = null
texture_set = SubResource( 1 )
render_layers = 1
shader_params/u_ground_uv_scale = 20
shader_params/u_depth_blending = true
shader_params/u_triplanar = false
shader_params/u_tile_reduction = Plane( 0, 0, 0, 0 )

[node name="TreeScatter" type="Spatial" parent="."]
script = ExtResource( 6 )
_scenes = [ ExtResource( 7 ) ]

[node name="Tree" parent="TreeScatter" instance=ExtResource( 7 )]
transform = Transform( -0.270659, 0, -0.962675, 0, 1, 0, 0.962675, 0, -0.270659, 16.1477, 0, 13.0448 )

[node name="Tree2" parent="TreeScatter" instance=ExtResource( 7 )]
transform = Transform( -0.508313, 0, 0.861172, 0, 1, 0, -0.861172, 0, -0.508313, 9.61127, 1.90735e-06, 9.33949 )

[node name="Tree5" parent="TreeScatter" instance=ExtResource( 7 )]
transform = Transform( -0.998268, 0, -0.0588336, 0, 1, 0, 0.0588336, 0, -0.998268, 15.8681, 0, 3.81648 )

[node name="Tree6" parent="TreeScatter" instance=ExtResource( 7 )]
transform = Transform( 0.251425, 0, 0.967877, 0, 1, 0, -0.967877, 0, 0.251425, 15.7487, 0, 4.39979 )

[node name="Tree7" parent="TreeScatter" instance=ExtResource( 7 )]
transform = Transform( -0.229284, 0, 0.97336, 0, 1, 0, -0.97336, 0, -0.229284, 10.3168, 0, 6.62161 )

[node name="Tree8" parent="TreeScatter" instance=ExtResource( 7 )]
transform = Transform( -0.978932, 0, 0.204187, 0, 1, 0, -0.204187, 0, -0.978932, 11.9434, 0, 3.35027 )

[node name="Tree17" parent="TreeScatter" instance=ExtResource( 7 )]
transform = Transform( -0.491131, 0, -0.871086, 0, 1, 0, 0.871086, 0, -0.491131, 22.1802, 0, 24.5251 )

[node name="Tree18" parent="TreeScatter" instance=ExtResource( 7 )]
transform = Transform( 0.281387, 0, -0.959594, 0, 1, 0, 0.959594, 0, 0.281387, 26.4043, 1.90735e-06, 24.0178 )

[node name="Tree12" parent="TreeScatter" instance=ExtResource( 7 )]
transform = Transform( 0.990966, 0, -0.134113, 0, 1, 0, 0.134113, 0, 0.990966, 6.79869, 1.90735e-06, 26.891 )

[node name="Tree21" parent="TreeScatter" instance=ExtResource( 7 )]
transform = Transform( 0.139929, 0, 0.990162, 0, 1, 0, -0.990162, 0, 0.139929, 19.4599, 0, 32.3877 )

[node name="Tree3" parent="TreeScatter" instance=ExtResource( 7 )]
transform = Transform( -0.0104763, 0, -0.999945, 0, 1, 0, 0.999945, 0, -0.0104763, 1.67523, 0, 11.8533 )

[node name="Tree9" parent="TreeScatter" instance=ExtResource( 7 )]
transform = Transform( 0.801721, 0, -0.597699, 0, 1, 0, 0.597699, 0, 0.801721, 0.974363, 0, 8.0727 )

[node name="Tree10" parent="TreeScatter" instance=ExtResource( 7 )]
transform = Transform( 0.379433, 0, 0.925219, 0, 1, 0, -0.925219, 0, 0.379433, 5.70236, 1.90735e-06, 9.2986 )

[node name="Tree4" parent="TreeScatter" instance=ExtResource( 7 )]
transform = Transform( 0.582082, 0, -0.81313, 0, 1, 0, 0.81313, 0, 0.582082, 15.9412, 0, 37.1162 )

[node name="Tree11" parent="TreeScatter" instance=ExtResource( 7 )]
transform = Transform( -0.999895, 0, 0.0145048, 0, 1, 0, -0.0145048, 0, -0.999895, 15.2688, 0, 33.2772 )

[node name="Tree13" parent="TreeScatter" instance=ExtResource( 7 )]
transform = Transform( 0.991321, 0, 0.131466, 0, 1, 0, -0.131466, 0, 0.991321, 15.2656, 0, 29.482 )

[node name="Tree14" parent="TreeScatter" instance=ExtResource( 7 )]
transform = Transform( -0.933842, 0, -0.357686, 0, 1, 0, 0.357686, 0, -0.933842, 15.0965, 0, 25.0438 )

[node name="Tree19" parent="TreeScatter" instance=ExtResource( 7 )]
transform = Transform( 0.922372, 0, 0.386303, 0, 1, 0, -0.386303, 0, 0.922372, 0.11785, 0, 39.7892 )

[node name="Tree15" parent="TreeScatter" instance=ExtResource( 7 )]
transform = Transform( -0.981311, 0, 0.192428, 0, 1, 0, -0.192428, 0, -0.981311, 0.0473757, -1.90735e-06, 16.2717 )

[node name="Tree16" parent="TreeScatter" instance=ExtResource( 7 )]
transform = Transform( -0.930509, 0, -0.366268, 0, 1, 0, 0.366268, 0, -0.930509, 0.56437, 0, 20.5805 )

[node name="Tree20" parent="TreeScatter" instance=ExtResource( 7 )]
transform = Transform( -0.959817, 0, 0.280627, 0, 1, 0, -0.280627, 0, -0.959817, 0.268256, 0, 24.4858 )

[node name="Tree22" parent="TreeScatter" instance=ExtResource( 7 )]
transform = Transform( 0.184166, 0, -0.982895, 0, 1, 0, 0.982895, 0, 0.184166, 12.5412, 0, 33.1998 )

[node name="Tree23" parent="TreeScatter" instance=ExtResource( 7 )]
transform = Transform( -0.520083, 0, 0.854116, 0, 1, 0, -0.854116, 0, -0.520083, 11.5649, 0, 21.5809 )

[node name="Tree24" parent="TreeScatter" instance=ExtResource( 7 )]
transform = Transform( -0.947272, 0, -0.32043, 0, 1, 0, 0.32043, 0, -0.947272, 6.10883, 0, 19.78 )

[node name="Tree25" parent="TreeScatter" instance=ExtResource( 7 )]
transform = Transform( -0.497373, 0, 0.867537, 0, 1, 0, -0.867537, 0, -0.497373, 3.15054, 0, 22.9305 )

[node name="Tree26" parent="TreeScatter" instance=ExtResource( 7 )]
transform = Transform( 0.159396, 0, -0.987215, 0, 1, 0, 0.987215, 0, 0.159396, 43.3994, 1.90735e-06, 22.792 )

[node name="Tree27" parent="TreeScatter" instance=ExtResource( 7 )]
transform = Transform( -0.791254, 0, 0.611488, 0, 1, 0, -0.611488, 0, -0.791254, 48.9317, 0, 23.2175 )

[node name="Tree28" parent="TreeScatter" instance=ExtResource( 7 )]
transform = Transform( -0.77123, 0, 0.636556, 0, 1, 0, -0.636556, 0, -0.77123, 38.6624, 1.90735e-06, 19.1295 )

[node name="Tree29" parent="TreeScatter" instance=ExtResource( 7 )]
transform = Transform( 0.975092, 0, 0.221801, 0, 1, 0, -0.221801, 0, 0.975092, 23.7684, 1.90735e-06, 22.3719 )

[node name="Tree30" parent="TreeScatter" instance=ExtResource( 7 )]
transform = Transform( 0.435571, 0, -0.900154, 0, 1, 0, 0.900154, 0, 0.435571, 21.4861, 0, 19.3053 )

[node name="Tree31" parent="TreeScatter" instance=ExtResource( 7 )]
transform = Transform( 0.10932, 0, 0.994007, 0, 1, 0, -0.994007, 0, 0.10932, 11.4331, 0, 18.2207 )

[node name="Tree32" parent="TreeScatter" instance=ExtResource( 7 )]
transform = Transform( 0.997241, 0, -0.0742333, 0, 1, 0, 0.0742333, 0, 0.997241, 18.9923, 1.90735e-06, 8.89456 )

[node name="Tree33" parent="TreeScatter" instance=ExtResource( 7 )]
transform = Transform( -0.154047, 0, 0.988063, 0, 1, 0, -0.988063, 0, -0.154047, 6.103, 0, 22.2076 )

[node name="Tree34" parent="TreeScatter" instance=ExtResource( 7 )]
transform = Transform( 0.89793, 0, -0.440139, 0, 1, 0, 0.440139, 0, 0.89793, 2.37676, 0, 5.17533 )

[node name="Tree35" parent="TreeScatter" instance=ExtResource( 7 )]
transform = Transform( -0.595532, 0, -0.803331, 0, 1, 0, 0.803331, 0, -0.595532, 5.31497, 1.90735e-06, 14.2897 )

[node name="Tree36" parent="TreeScatter" instance=ExtResource( 7 )]
transform = Transform( 0.755375, 0, 0.655292, 0, 1, 0, -0.655292, 0, 0.755375, 4.16336, 0, 10.5665 )

[node name="Tree37" parent="TreeScatter" instance=ExtResource( 7 )]
transform = Transform( 0.720302, 0, -0.693661, 0, 1, 0, 0.693661, 0, 0.720302, 23.4609, -1.90735e-06, 7.18144 )

[node name="Tree38" parent="TreeScatter" instance=ExtResource( 7 )]
transform = Transform( 0.889421, 0, -0.45709, 0, 1, 0, 0.45709, 0, 0.889421, 40.3778, -1.90735e-06, 23.7428 )

[node name="Tree39" parent="TreeScatter" instance=ExtResource( 7 )]
transform = Transform( 0.72182, 0, -0.692081, 0, 1, 0, 0.692081, 0, 0.72182, 37.2313, 1.90735e-06, 21.2998 )

[node name="Tree40" parent="TreeScatter" instance=ExtResource( 7 )]
transform = Transform( -0.971388, 0, -0.2375, 0, 1, 0, 0.2375, 0, -0.971388, 32.5399, 0, 17.5553 )

[node name="Tree41" parent="TreeScatter" instance=ExtResource( 7 )]
transform = Transform( 0.90471, 0, 0.426028, 0, 1, 0, -0.426028, 0, 0.90471, 25.4213, 0, 12.4859 )

[node name="Tree43" parent="TreeScatter" instance=ExtResource( 7 )]
transform = Transform( 0.999717, 0, -0.0237942, 0, 1, 0, 0.0237942, 0, 0.999717, 31.7921, -1.90735e-06, 4.32394 )

[node name="Tree45" parent="TreeScatter" instance=ExtResource( 7 )]
transform = Transform( -0.913271, 0, 0.407353, 0, 1, 0, -0.407353, 0, -0.913271, 22.3632, 1.90735e-06, 2.70555 )

[node name="Tree46" parent="TreeScatter" instance=ExtResource( 7 )]
transform = Transform( 0.999562, 0, 0.0295849, 0, 1, 0, -0.0295849, 0, 0.999562, 4.43158, 0, 45.7733 )

[node name="Tree47" parent="TreeScatter" instance=ExtResource( 7 )]
transform = Transform( -0.569746, 0, 0.821821, 0, 1, 0, -0.821821, 0, -0.569746, 35.0143, -3.8147e-06, 75.9382 )

[node name="Tree48" parent="TreeScatter" instance=ExtResource( 7 )]
transform = Transform( 0.475452, 0, -0.879742, 0, 1, 0, 0.879742, 0, 0.475452, 33.3546, 0, 72.1448 )

[node name="Tree49" parent="TreeScatter" instance=ExtResource( 7 )]
transform = Transform( -0.836891, 0, -0.547369, 0, 1, 0, 0.547369, 0, -0.836891, 34.4903, -3.8147e-06, 63.5294 )

[node name="Tree50" parent="TreeScatter" instance=ExtResource( 7 )]
transform = Transform( -0.415652, 0, 0.909524, 0, 1, 0, -0.909524, 0, -0.415652, 39.1458, 0, 55.8357 )

[node name="Tree51" parent="TreeScatter" instance=ExtResource( 7 )]
transform = Transform( -0.756028, 0, 0.65454, 0, 1, 0, -0.65454, 0, -0.756028, 46.6564, 0, 43.1414 )

[node name="Tree52" parent="TreeScatter" instance=ExtResource( 7 )]
transform = Transform( -0.146707, 0, -0.98918, 0, 1, 0, 0.98918, 0, -0.146707, 52.9107, 0, 34.938 )

[node name="Tree53" parent="TreeScatter" instance=ExtResource( 7 )]
transform = Transform( -0.898794, 0, 0.438371, 0, 1, 0, -0.438371, 0, -0.898794, 56.6952, 0, 30.0339 )

[node name="Tree54" parent="TreeScatter" instance=ExtResource( 7 )]
transform = Transform( 0.885585, 0, -0.464478, 0, 1, 0, 0.464478, 0, 0.885585, 48.4215, 3.8147e-06, 35.6839 )

[node name="Tree55" parent="TreeScatter" instance=ExtResource( 7 )]
transform = Transform( 0.140054, 0, 0.990144, 0, 1, 0, -0.990144, 0, 0.140054, 43.2591, 0, 42.4784 )

[node name="Tree56" parent="TreeScatter" instance=ExtResource( 7 )]
transform = Transform( 0.824922, 0, 0.565247, 0, 1, 0, -0.565247, 0, 0.824922, 39.0147, 0, 46.8538 )

[node name="Tree57" parent="TreeScatter" instance=ExtResource( 7 )]
transform = Transform( -0.828749, 0, 0.55962, 0, 1, 0, -0.55962, 0, -0.828749, 36.0214, -3.8147e-06, 49.5968 )

[node name="Tree58" parent="TreeScatter" instance=ExtResource( 7 )]
transform = Transform( 0.656573, 0, -0.754262, 0, 1, 0, 0.754262, 0, 0.656573, 32.8117, 0, 52.6581 )

[node name="Tree59" parent="TreeScatter" instance=ExtResource( 7 )]
transform = Transform( -0.0823369, 0, -0.996605, 0, 1, 0, 0.996605, 0, -0.0823369, 28.4737, 0, 58.5445 )

[node name="Tree60" parent="TreeScatter" instance=ExtResource( 7 )]
transform = Transform( 0.610098, 0, 0.792326, 0, 1, 0, -0.792326, 0, 0.610098, 25.2659, -3.8147e-06, 60.4057 )

[node name="Tree61" parent="TreeScatter" instance=ExtResource( 7 )]
transform = Transform( 0.998265, 0, -0.0588884, 0, 1, 0, 0.0588884, 0, 0.998265, 28.6176, 3.8147e-06, 55.8353 )

[node name="Tree62" parent="TreeScatter" instance=ExtResource( 7 )]
transform = Transform( -0.987322, 0, 0.158729, 0, 1, 0, -0.158729, 0, -0.987322, 35.5597, 0, 46.4759 )

[node name="Tree63" parent="TreeScatter" instance=ExtResource( 7 )]
transform = Transform( 0.879951, 0, 0.475064, 0, 1, 0, -0.475064, 0, 0.879951, 42.5279, 0, 37.2269 )

[node name="Tree64" parent="TreeScatter" instance=ExtResource( 7 )]
transform = Transform( 0.772817, 0, -0.634629, 0, 1, 0, 0.634629, 0, 0.772817, 37.5991, 0, 30.8678 )

[node name="Tree65" parent="TreeScatter" instance=ExtResource( 7 )]
transform = Transform( 0.530553, 0, -0.847652, 0, 1, 0, 0.847652, 0, 0.530553, 29.2094, -3.8147e-06, 22.9751 )

[node name="Tree66" parent="TreeScatter" instance=ExtResource( 7 )]
transform = Transform( 0.693268, 0, 0.720679, 0, 1, 0, -0.720679, 0, 0.693268, 42.5972, -3.8147e-06, 16.7608 )

[node name="Tree67" parent="TreeScatter" instance=ExtResource( 7 )]
transform = Transform( 0.844142, 0, 0.536119, 0, 1, 0, -0.536119, 0, 0.844142, 62.8714, 0, 14.639 )

[node name="Tree68" parent="TreeScatter" instance=ExtResource( 7 )]
transform = Transform( 0.177533, 0, 0.984115, 0, 1, 0, -0.984115, 0, 0.177533, 81.3169, 0, 22.1087 )

[node name="Tree74" parent="TreeScatter" instance=ExtResource( 7 )]
transform = Transform( 0.991214, 0, 0.132271, 0, 1, 0, -0.132271, 0, 0.991214, 0.0874519, -3.8147e-06, 25.4048 )

[node name="Tree75" parent="TreeScatter" instance=ExtResource( 7 )]
transform = Transform( -0.0146365, 0, -0.999893, 0, 1, 0, 0.999893, 0, -0.0146365, 2.93217, 0, 3.91391 )

[node name="Tree76" parent="TreeScatter" instance=ExtResource( 7 )]
transform = Transform( 0.856842, 0, 0.51558, 0, 1, 0, -0.51558, 0, 0.856842, 0.155323, -7.62939e-06, 30.5974 )

[node name="Tree77" parent="TreeScatter" instance=ExtResource( 7 )]
transform = Transform( 0.994587, 0, -0.103907, 0, 1, 0, 0.103907, 0, 0.994587, 63.1238, 0, 66.3148 )

[node name="Tree78" parent="TreeScatter" instance=ExtResource( 7 )]
transform = Transform( 0.380836, 0, -0.924643, 0, 1, 0, 0.924643, 0, 0.380836, 59.9251, 0, 62.7631 )

[node name="Tree79" parent="TreeScatter" instance=ExtResource( 7 )]
transform = Transform( 0.0319861, 0, -0.999488, 0, 1, 0, 0.999488, 0, 0.0319861, 36.6272, -1.90735e-06, 37.1076 )

[node name="Tree80" parent="TreeScatter" instance=ExtResource( 7 )]
transform = Transform( -0.316024, 0, -0.948751, 0, 1, 0, 0.948751, 0, -0.316024, 23.7352, 1.90735e-06, 61.7119 )

[node name="Tree81" parent="TreeScatter" instance=ExtResource( 7 )]
transform = Transform( -0.973055, 0, -0.230574, 0, 1, 0, 0.230574, 0, -0.973055, 22.58, 7.24792e-05, 70.7687 )

[node name="Tree82" parent="TreeScatter" instance=ExtResource( 7 )]
transform = Transform( 0.231751, 0, -0.972775, 0, 1, 0, 0.972775, 0, 0.231751, 41.2626, 0, 73.2435 )

[node name="Tree83" parent="TreeScatter" instance=ExtResource( 7 )]
transform = Transform( -0.443335, 0, -0.896356, 0, 1, 0, 0.896356, 0, -0.443335, 40.087, 1.90735e-06, 67.4633 )

[node name="Tree84" parent="TreeScatter" instance=ExtResource( 7 )]
transform = Transform( -0.635934, 0, -0.771743, 0, 1, 0, 0.771743, 0, -0.635934, 27.9142, 1.90735e-06, 53.1458 )

[node name="Tree85" parent="TreeScatter" instance=ExtResource( 7 )]
transform = Transform( 0.501767, 0, -0.865003, 0, 1, 0, 0.865003, 0, 0.501767, 24.3792, 1.90735e-06, 51.8836 )

[node name="Tree86" parent="TreeScatter" instance=ExtResource( 7 )]
transform = Transform( -0.999521, 0, -0.0309529, 0, 1, 0, 0.0309529, 0, -0.999521, 20.8085, 0.000162125, 74.1623 )

[node name="Tree87" parent="TreeScatter" instance=ExtResource( 7 )]
transform = Transform( 0.895899, 0, -0.444257, 0, 1, 0, 0.444257, 0, 0.895899, 19.1283, 0.00078392, 81.3608 )

[node name="Tree88" parent="TreeScatter" instance=ExtResource( 7 )]
transform = Transform( -0.148656, 0, -0.988889, 0, 1, 0, 0.988889, 0, -0.148656, 15.3543, 0.00123405, 83.8744 )

[node name="Tree89" parent="TreeScatter" instance=ExtResource( 7 )]
transform = Transform( -0.181215, 0, 0.983444, 0, 1, 0, -0.983444, 0, -0.181215, 12.7, 0.000736237, 81.0335 )

[node name="Tree90" parent="TreeScatter" instance=ExtResource( 7 )]
transform = Transform( -0.572504, 0, 0.819902, 0, 1, 0, -0.819902, 0, -0.572504, 12.3739, 0.000240326, 76.7522 )

[node name="Tree91" parent="TreeScatter" instance=ExtResource( 7 )]
transform = Transform( -0.709245, 0, 0.704962, 0, 1, 0, -0.704962, 0, -0.709245, 14.1952, 1.90735e-06, 68.7533 )

[node name="Tree92" parent="TreeScatter" instance=ExtResource( 7 )]
transform = Transform( 0.0613936, 0, -0.998114, 0, 1, 0, 0.998114, 0, 0.0613936, 17.2464, 0, 63.7868 )

[node name="Tree93" parent="TreeScatter" instance=ExtResource( 7 )]
transform = Transform( 0.951616, 0, -0.307289, 0, 1, 0, 0.307289, 0, 0.951616, 20.1865, 1.90735e-06, 61.3533 )

[node name="Tree94" parent="TreeScatter" instance=ExtResource( 7 )]
transform = Transform( 0.917066, 0, -0.398737, 0, 1, 0, 0.398737, 0, 0.917066, 34.1604, 1.90735e-06, 53.3481 )

[node name="Tree95" parent="TreeScatter" instance=ExtResource( 7 )]
transform = Transform( 0.913866, 0, 0.406017, 0, 1, 0, -0.406017, 0, 0.913866, 35.4919, 0, 43.3829 )

[node name="Tree96" parent="TreeScatter" instance=ExtResource( 7 )]
transform = Transform( 0.393737, 0, -0.919223, 0, 1, 0, 0.919223, 0, 0.393737, 28.4318, 0, 43.7108 )

[node name="Tree97" parent="TreeScatter" instance=ExtResource( 7 )]
transform = Transform( -0.903371, 0, -0.42886, 0, 1, 0, 0.42886, 0, -0.903371, 21.4915, 3.8147e-06, 46.6089 )

[node name="Tree98" parent="TreeScatter" instance=ExtResource( 7 )]
transform = Transform( 0.86179, 0, -0.507265, 0, 1, 0, 0.507265, 0, 0.86179, 14.5771, 3.8147e-06, 54.3908 )

[node name="Tree99" parent="TreeScatter" instance=ExtResource( 7 )]
transform = Transform( -0.92064, 0, -0.390412, 0, 1, 0, 0.390412, 0, -0.92064, 12.2079, 3.8147e-06, 62.4113 )

[node name="Tree100" parent="TreeScatter" instance=ExtResource( 7 )]
transform = Transform( 0.00895293, 0, 0.99996, 0, 1, 0, -0.99996, 0, 0.00895293, 9.01807, 3.8147e-06, 67.2786 )

[node name="Tree101" parent="TreeScatter" instance=ExtResource( 7 )]
transform = Transform( -0.672028, 0, -0.740525, 0, 1, 0, 0.740525, 0, -0.672028, 6.50435, 0, 63.9474 )

[node name="Tree102" parent="TreeScatter" instance=ExtResource( 7 )]
transform = Transform( -0.817158, 0, -0.576414, 0, 1, 0, 0.576414, 0, -0.817158, 6.1354, -1.90735e-06, 60.1064 )

[node name="Tree103" parent="TreeScatter" instance=ExtResource( 7 )]
transform = Transform( -0.473193, 0, -0.880959, 0, 1, 0, 0.880959, 0, -0.473193, 5.98888, 0, 55.9769 )

[node name="Tree104" parent="TreeScatter" instance=ExtResource( 7 )]
transform = Transform( 0.967481, 0, -0.252945, 0, 1, 0, 0.252945, 0, 0.967481, 5.85217, 0, 52.1177 )

[node name="Tree105" parent="TreeScatter" instance=ExtResource( 7 )]
transform = Transform( 0.481601, 0, 0.876391, 0, 1, 0, -0.876391, 0, 0.481601, 6.11474, 1.90735e-06, 48.0375 )

[node name="Tree106" parent="TreeScatter" instance=ExtResource( 7 )]
transform = Transform( 0.912068, 0, -0.410039, 0, 1, 0, 0.410039, 0, 0.912068, 20.4771, 0, 40.9403 )

[node name="Tree107" parent="TreeScatter" instance=ExtResource( 7 )]
transform = Transform( 0.238874, 0, 0.971051, 0, 1, 0, -0.971051, 0, 0.238874, 33.2014, 1.90735e-06, 39.8948 )

[node name="Tree108" parent="TreeScatter" instance=ExtResource( 7 )]
transform = Transform( 0.888562, 0, 0.458756, 0, 1, 0, -0.458756, 0, 0.888562, 45.4791, 0, 39.3907 )

[node name="Tree109" parent="TreeScatter" instance=ExtResource( 7 )]
transform = Transform( 0.235056, 0, -0.971982, 0, 1, 0, 0.971982, 0, 0.235056, 56.4541, 0, 23.9583 )

[node name="Tree110" parent="TreeScatter" instance=ExtResource( 7 )]
transform = Transform( 0.00393576, 0, 0.999992, 0, 1, 0, -0.999992, 0, 0.00393576, 60.4255, 0, 23.8056 )

[node name="Tree111" parent="TreeScatter" instance=ExtResource( 7 )]
transform = Transform( -0.966659, 0, -0.256067, 0, 1, 0, 0.256067, 0, -0.966659, 64.6939, 0, 94.7653 )

[node name="Tree112" parent="TreeScatter" instance=ExtResource( 7 )]
transform = Transform( -0.75869, 0, 0.651452, 0, 1, 0, -0.651452, 0, -0.75869, 75.8892, 1.90735e-06, 93.8745 )

[node name="Tree113" parent="TreeScatter" instance=ExtResource( 7 )]
transform = Transform( 0.85004, 0, 0.526719, 0, 1, 0, -0.526719, 0, 0.85004, 80.9277, 0, 89.5247 )

[node name="Tree114" parent="TreeScatter" instance=ExtResource( 7 )]
transform = Transform( -0.467125, 0, 0.884192, 0, 1, 0, -0.884192, 0, -0.467125, 85.4815, 0, 85.4093 )

[node name="Tree115" parent="TreeScatter" instance=ExtResource( 7 )]
transform = Transform( 0.956593, 0, 0.291426, 0, 1, 0, -0.291426, 0, 0.956593, 87.1417, 0, 79.9471 )

[node name="Tree116" parent="TreeScatter" instance=ExtResource( 7 )]
transform = Transform( 0.999971, 0, -0.00762174, 0, 1, 0, 0.00762174, 0, 0.999971, 86.6835, 0, 74.8361 )

[node name="Tree117" parent="TreeScatter" instance=ExtResource( 7 )]
transform = Transform( 0.229009, 0, -0.973424, 0, 1, 0, 0.973424, 0, 0.229009, 84.021, -1.90735e-06, 70.054 )

[node name="Tree118" parent="TreeScatter" instance=ExtResource( 7 )]
transform = Transform( 0.942349, 0, -0.334631, 0, 1, 0, 0.334631, 0, 0.942349, 77.3378, 0, 66.214 )

[node name="Tree119" parent="TreeScatter" instance=ExtResource( 7 )]
transform = Transform( 0.433864, 0, -0.900978, 0, 1, 0, 0.900978, 0, 0.433864, 62.6883, -1.90735e-06, 62.7209 )

[node name="Tree120" parent="TreeScatter" instance=ExtResource( 7 )]
transform = Transform( -0.405484, 0, 0.914102, 0, 1, 0, -0.914102, 0, -0.405484, 52.261, 0, 61.7606 )

[node name="Tree121" parent="TreeScatter" instance=ExtResource( 7 )]
transform = Transform( -0.287197, 0, 0.957872, 0, 1, 0, -0.957872, 0, -0.287197, 64.1196, -1.90735e-06, 57.1115 )

[node name="Tree122" parent="TreeScatter" instance=ExtResource( 7 )]
transform = Transform( -0.766116, 0, 0.642703, 0, 1, 0, -0.642703, 0, -0.766116, 71.7247, 0, 57.0152 )

[node name="Tree123" parent="TreeScatter" instance=ExtResource( 7 )]
transform = Transform( 0.119222, 0, 0.992868, 0, 1, 0, -0.992868, 0, 0.119222, 63.2339, -1.90735e-06, 58.7508 )

[node name="Tree124" parent="TreeScatter" instance=ExtResource( 7 )]
transform = Transform( -0.978224, 0, -0.20755, 0, 1, 0, 0.20755, 0, -0.978224, 65.2872, 0, 99.4491 )

[node name="Tree125" parent="TreeScatter" instance=ExtResource( 7 )]
transform = Transform( -0.999996, 0, -0.00273099, 0, 1, 0, 0.00273099, 0, -0.999996, 59.8325, 1.90735e-06, 97.5749 )

[node name="Tree126" parent="TreeScatter" instance=ExtResource( 7 )]
transform = Transform( -0.455819, 0, -0.890073, 0, 1, 0, 0.890073, 0, -0.455819, 50.2464, 1.90735e-06, 86.3416 )

[node name="Tree127" parent="TreeScatter" instance=ExtResource( 7 )]
transform = Transform( 0.932265, 0, -0.361776, 0, 1, 0, 0.361776, 0, 0.932265, 45.9882, 0, 76.5645 )

[node name="Tree128" parent="TreeScatter" instance=ExtResource( 7 )]
transform = Transform( 0.961114, 0, 0.276153, 0, 1, 0, -0.276153, 0, 0.961114, 44.4791, 0, 71.8063 )

[node name="Tree129" parent="TreeScatter" instance=ExtResource( 7 )]
transform = Transform( -0.230726, 0, 0.973019, 0, 1, 0, -0.973019, 0, -0.230726, 52.6693, 0, 65.275 )

[node name="Tree130" parent="TreeScatter" instance=ExtResource( 7 )]
transform = Transform( -0.102501, 0, 0.994733, 0, 1, 0, -0.994733, 0, -0.102501, 74.3157, 0, 91.2041 )

[node name="Tree131" parent="TreeScatter" instance=ExtResource( 7 )]
transform = Transform( 0.642294, 0, 0.766459, 0, 1, 0, -0.766459, 0, 0.642294, 69.3821, -1.90735e-06, 87.7836 )

[node name="Tree132" parent="TreeScatter" instance=ExtResource( 7 )]
transform = Transform( -0.807086, 0, -0.590435, 0, 1, 0, 0.590435, 0, -0.807086, 53.6185, 0, 68.9795 )

[node name="Tree133" parent="TreeScatter" instance=ExtResource( 7 )]
transform = Transform( 0.629105, 0, -0.77732, 0, 1, 0, 0.77732, 0, 0.629105, 49.7411, 0, 69.7068 )

[node name="Tree134" parent="TreeScatter" instance=ExtResource( 7 )]
transform = Transform( -0.914162, 0, -0.40535, 0, 1, 0, 0.40535, 0, -0.914162, 60.4103, 0, 87.0029 )

[node name="Tree135" parent="TreeScatter" instance=ExtResource( 7 )]
transform = Transform( 0.784254, 0, -0.620439, 0, 1, 0, 0.620439, 0, 0.784254, 70.8323, 0, 100.421 )

[node name="Tree136" parent="TreeScatter" instance=ExtResource( 7 )]
transform = Transform( -0.502624, 0, 0.864505, 0, 1, 0, -0.864505, 0, -0.502624, 11.1975, 0.00192451, 95.8219 )

[node name="Tree137" parent="TreeScatter" instance=ExtResource( 7 )]
transform = Transform( -0.975391, 0, -0.220482, 0, 1, 0, 0.220482, 0, -0.975391, 4.2217, 0.00165558, 96.3655 )

[node name="Tree138" parent="TreeScatter" instance=ExtResource( 7 )]
transform = Transform( 0.103164, 0, 0.994664, 0, 1, 0, -0.994664, 0, 0.103164, -0.307935, 1.90735e-06, 69.8414 )

[node name="Tree139" parent="TreeScatter" instance=ExtResource( 7 )]
transform = Transform( -0.413176, 0, -0.910651, 0, 1, 0, 0.910651, 0, -0.413176, 0.70675, 0.000993729, 100.357 )

[node name="Tree140" parent="TreeScatter" instance=ExtResource( 7 )]
transform = Transform( -0.96073, 0, 0.277485, 0, 1, 0, -0.277485, 0, -0.96073, 1.59603, 0.000762939, 105.141 )

[node name="Tree141" parent="TreeScatter" instance=ExtResource( 7 )]
transform = Transform( -0.511236, 0, -0.85944, 0, 1, 0, 0.85944, 0, -0.511236, 56.3772, 0, 126.45 )

[node name="Tree142" parent="TreeScatter" instance=ExtResource( 7 )]
transform = Transform( 0.591894, 0, -0.806016, 0, 1, 0, 0.806016, 0, 0.591894, 54.2051, -1.90735e-06, 120.159 )

[node name="Tree143" parent="TreeScatter" instance=ExtResource( 7 )]
transform = Transform( -0.681763, 0, 0.731573, 0, 1, 0, -0.731573, 0, -0.681763, 46.4041, 1.90735e-06, 107.79 )

[node name="Tree144" parent="TreeScatter" instance=ExtResource( 7 )]
transform = Transform( 0.890119, 0, 0.455729, 0, 1, 0, -0.455729, 0, 0.890119, 38.1588, 1.90735e-06, 99.9535 )

[node name="Tree145" parent="TreeScatter" instance=ExtResource( 7 )]
transform = Transform( -0.0669691, 0, -0.997755, 0, 1, 0, 0.997755, 0, -0.0669691, 33.9292, 1.90735e-06, 97.2774 )

[node name="Tree146" parent="TreeScatter" instance=ExtResource( 7 )]
transform = Transform( -0.320225, 0, 0.947342, 0, 1, 0, -0.947342, 0, -0.320225, 29.1509, 0.000133514, 97.4896 )

[node name="Tree147" parent="TreeScatter" instance=ExtResource( 7 )]
transform = Transform( 0.752898, 0, 0.658138, 0, 1, 0, -0.658138, 0, 0.752898, 7.54198, 0, -9.0792 )

[node name="Tree148" parent="TreeScatter" instance=ExtResource( 7 )]
transform = Transform( -0.254962, 0, 0.966951, 0, 1, 0, -0.966951, 0, -0.254962, 8.79925, 0, -15.453 )

[node name="Tree149" parent="TreeScatter" instance=ExtResource( 7 )]
transform = Transform( 0.264529, 0, -0.964378, 0, 1, 0, 0.964378, 0, 0.264529, 7.95985, 1.90735e-06, -11.2009 )

[node name="Tree151" parent="TreeScatter" instance=ExtResource( 7 )]
transform = Transform( -0.931293, 0, -0.364271, 0, 1, 0, 0.364271, 0, -0.931293, 2.79333, 0, -23.287 )

[node name="Tree152" parent="TreeScatter" instance=ExtResource( 7 )]
transform = Transform( -0.945986, 0, 0.324208, 0, 1, 0, -0.324208, 0, -0.945986, 4.47149, 0, -31.8761 )

[node name="Tree153" parent="TreeScatter" instance=ExtResource( 7 )]
transform = Transform( 0.727474, 0, -0.686135, 0, 1, 0, 0.686135, 0, 0.727474, 6.47246, 0, -42.1341 )

[node name="Tree154" parent="TreeScatter" instance=ExtResource( 7 )]
transform = Transform( 0.589326, 0, -0.807896, 0, 1, 0, 0.807896, 0, 0.589326, 6.16108, 0, -48.5059 )

[node name="Tree155" parent="TreeScatter" instance=ExtResource( 7 )]
transform = Transform( 0.999757, 0, -0.0220251, 0, 1, 0, 0.0220251, 0, 0.999757, 4.35899, 0, -51.791 )

[node name="Tree156" parent="TreeScatter" instance=ExtResource( 7 )]
transform = Transform( -0.349468, 0, -0.936948, 0, 1, 0, 0.936948, 0, -0.349468, 0.940331, 0, -56.8073 )

[node name="Tree157" parent="TreeScatter" instance=ExtResource( 7 )]
transform = Transform( 0.0278998, 0, -0.999611, 0, 1, 0, 0.999611, 0, 0.0278998, -0.985813, -1.90735e-06, -61.6631 )

[node name="Tree158" parent="TreeScatter" instance=ExtResource( 7 )]
transform = Transform( 0.3878, 0, 0.921744, 0, 1, 0, -0.921744, 0, 0.3878, -7.06545, 0, -74.8105 )

[node name="Tree199" parent="TreeScatter" instance=ExtResource( 7 )]
transform = Transform( -0.64159, 0, -0.767048, 0, 1, 0, 0.767048, 0, -0.64159, 17.0219, 0, -27.446 )

[node name="Tree200" parent="TreeScatter" instance=ExtResource( 7 )]
transform = Transform( 0.647478, 0, -0.762084, 0, 1, 0, 0.762084, 0, 0.647478, 36.0468, 0, -12.6746 )

[node name="Tree202" parent="TreeScatter" instance=ExtResource( 7 )]
transform = Transform( -0.999686, 0, -0.0250496, 0, 1, 0, 0.0250496, 0, -0.999686, 52.4347, 0, -12.3355 )

[node name="Tree203" parent="TreeScatter" instance=ExtResource( 7 )]
transform = Transform( 0.398047, 0, -0.917365, 0, 1, 0, 0.917365, 0, 0.398047, 52.7699, 1.90735e-06, -7.82901 )

[node name="Tree207" parent="TreeScatter" instance=ExtResource( 7 )]
transform = Transform( 0.13506, 0, -0.990837, 0, 1, 0, 0.990837, 0, 0.13506, 57.1557, 1.90735e-06, 3.08191 )

[node name="Tree208" parent="TreeScatter" instance=ExtResource( 7 )]
transform = Transform( 0.346901, 0, 0.937902, 0, 1, 0, -0.937902, 0, 0.346901, 53.0761, 0, 13.0716 )

[node name="Tree209" parent="TreeScatter" instance=ExtResource( 7 )]
transform = Transform( 0.916621, 0, -0.399757, 0, 1, 0, 0.399757, 0, 0.916621, 48.8599, 1.90735e-06, 12.8342 )

[node name="Tree210" parent="TreeScatter" instance=ExtResource( 7 )]
transform = Transform( 0.838307, 0, 0.545198, 0, 1, 0, -0.545198, 0, 0.838307, 45.1548, 0, 12.4656 )

[node name="Tree211" parent="TreeScatter" instance=ExtResource( 7 )]
transform = Transform( 0.786494, 0, 0.617598, 0, 1, 0, -0.617598, 0, 0.786494, 47.1507, 1.90735e-06, 9.03385 )

[node name="Tree212" parent="TreeScatter" instance=ExtResource( 7 )]
transform = Transform( -0.0545354, 0, -0.998512, 0, 1, 0, 0.998512, 0, -0.0545354, 51.9129, 0, 9.76918 )

[node name="Tree213" parent="TreeScatter" instance=ExtResource( 7 )]
transform = Transform( -0.876007, 0, -0.482299, 0, 1, 0, 0.482299, 0, -0.876007, 56.1228, 0, 9.67697 )

[node name="Tree214" parent="TreeScatter" instance=ExtResource( 7 )]
transform = Transform( -0.0970622, 0, 0.995278, 0, 1, 0, -0.995278, 0, -0.0970622, 60.0944, 0, 8.58355 )

[node name="Tree215" parent="TreeScatter" instance=ExtResource( 7 )]
transform = Transform( 0.997019, 0, 0.077163, 0, 1, 0, -0.077163, 0, 0.997019, 61.5266, 0, 4.83412 )

[node name="Tree216" parent="TreeScatter" instance=ExtResource( 7 )]
transform = Transform( -0.831386, 0, 0.555696, 0, 1, 0, -0.555696, 0, -0.831386, 58.9657, 1.90735e-06, 1.35148 )

[node name="Tree220" parent="TreeScatter" instance=ExtResource( 7 )]
transform = Transform( 0.783125, 0, 0.621865, 0, 1, 0, -0.621865, 0, 0.783125, 20.4469, 0, -12.707 )

[node name="Tree221" parent="TreeScatter" instance=ExtResource( 7 )]
transform = Transform( -0.0429986, 0, 0.999075, 0, 1, 0, -0.999075, 0, -0.0429986, 13.8004, 0, -8.72291 )

[node name="Tree222" parent="TreeScatter" instance=ExtResource( 7 )]
transform = Transform( 0.748959, 0, -0.662617, 0, 1, 0, 0.662617, 0, 0.748959, 34.567, 1.90735e-06, -14.8705 )

[node name="Tree223" parent="TreeScatter" instance=ExtResource( 7 )]
transform = Transform( 0.356717, 0, 0.934213, 0, 1, 0, -0.934213, 0, 0.356717, 39.6522, 0, -19.7001 )

[node name="Tree224" parent="TreeScatter" instance=ExtResource( 7 )]
transform = Transform( 0.358292, 0, 0.93361, 0, 1, 0, -0.93361, 0, 0.358292, 39.7274, 0, -23.4307 )

[node name="Tree225" parent="TreeScatter" instance=ExtResource( 7 )]
transform = Transform( -0.543697, 0, -0.839282, 0, 1, 0, 0.839282, 0, -0.543697, 38.1088, -1.90735e-06, -29.6184 )

[node name="Tree226" parent="TreeScatter" instance=ExtResource( 7 )]
transform = Transform( -0.371152, 0, 0.928572, 0, 1, 0, -0.928572, 0, -0.371152, 37.5099, 0, -37.7151 )

[node name="Tree227" parent="TreeScatter" instance=ExtResource( 7 )]
transform = Transform( 0.990275, 0, -0.139121, 0, 1, 0, 0.139121, 0, 0.990275, 36.5523, 0, -17.5434 )

[node name="Tree228" parent="TreeScatter" instance=ExtResource( 7 )]
transform = Transform( 0.416368, 0, 0.909196, 0, 1, 0, -0.909196, 0, 0.416368, 35.9661, 1.90735e-06, -13.5607 )

[node name="Tree42" parent="TreeScatter" instance=ExtResource( 7 )]
transform = Transform( -0.885335, 0, 0.464954, 0, 1, 0, -0.464954, 0, -0.885335, 39.5526, 0, -11.5742 )

[node name="Tree44" parent="TreeScatter" instance=ExtResource( 7 )]
transform = Transform( 0.880155, 0, 0.474686, 0, 1, 0, -0.474686, 0, 0.880155, 44.1575, -1.90735e-06, -8.86303 )

[node name="Tree201" parent="TreeScatter" instance=ExtResource( 7 )]
transform = Transform( -0.27359, 0, -0.961846, 0, 1, 0, 0.961846, 0, -0.27359, 45.3373, 0, -5.27538 )

[node name="Tree204" parent="TreeScatter" instance=ExtResource( 7 )]
transform = Transform( -0.459053, 0, -0.888409, 0, 1, 0, 0.888409, 0, -0.459053, 36.6337, 0, -6.86051 )

[node name="Tree274" parent="TreeScatter" instance=ExtResource( 7 )]
transform = Transform( -0.759335, 0, -0.650699, 0, 1, 0, 0.650699, 0, -0.759335, -5.0505, 0, -67.4021 )

[node name="Tree275" parent="TreeScatter" instance=ExtResource( 7 )]
transform = Transform( 0.876981, 0, -0.480524, 0, 1, 0, 0.480524, 0, 0.876981, 6.51703, 0, -58.7316 )

[node name="Tree276" parent="TreeScatter" instance=ExtResource( 7 )]
transform = Transform( 0.405623, 0, -0.91404, 0, 1, 0, 0.91404, 0, 0.405623, 28.5817, 0, -25.8897 )

[node name="Tree277" parent="TreeScatter" instance=ExtResource( 7 )]
transform = Transform( 0.26675, 0, 0.963766, 0, 1, 0, -0.963766, 0, 0.26675, 75.0632, 0, -117.883 )

[node name="Tree278" parent="TreeScatter" instance=ExtResource( 7 )]
transform = Transform( -0.472534, 0, -0.881313, 0, 1, 0, 0.881313, 0, -0.472534, 74.0618, 0, -111.204 )

[node name="Tree279" parent="TreeScatter" instance=ExtResource( 7 )]
transform = Transform( -0.963927, 0, 0.266166, 0, 1, 0, -0.266166, 0, -0.963927, 90.8881, 0, -59.7517 )

[node name="Tree280" parent="TreeScatter" instance=ExtResource( 7 )]
transform = Transform( 0.382652, 0, -0.923892, 0, 1, 0, 0.923892, 0, 0.382652, 92.5343, -1.90735e-06, -54.8293 )

[node name="Tree281" parent="TreeScatter" instance=ExtResource( 7 )]
transform = Transform( -0.996783, 0, -0.0801448, 0, 1, 0, 0.0801448, 0, -0.996783, 85.5798, 0, -46.2187 )

[node name="Tree282" parent="TreeScatter" instance=ExtResource( 7 )]
transform = Transform( -0.717357, 0, 0.696705, 0, 1, 0, -0.696705, 0, -0.717357, 76.3935, -1.90735e-06, -38.5683 )

[node name="Tree283" parent="TreeScatter" instance=ExtResource( 7 )]
transform = Transform( 0.986045, 0, -0.166479, 0, 1, 0, 0.166479, 0, 0.986045, 87.4295, 0, -35.7366 )

[node name="Tree284" parent="TreeScatter" instance=ExtResource( 7 )]
transform = Transform( 0.983272, 0, 0.182142, 0, 1, 0, -0.182142, 0, 0.983272, 100.485, 0, -27.2557 )

[node name="Tree285" parent="TreeScatter" instance=ExtResource( 7 )]
transform = Transform( 0.982094, 0, 0.188393, 0, 1, 0, -0.188393, 0, 0.982094, 104.637, 1.90735e-06, -27.1132 )

[node name="Tree296" parent="TreeScatter" instance=ExtResource( 7 )]
transform = Transform( -0.817664, 0, 0.575696, 0, 1, 0, -0.575696, 0, -0.817664, 96.3669, -1.90735e-06, -40.9922 )

[node name="Tree297" parent="TreeScatter" instance=ExtResource( 7 )]
transform = Transform( -0.99925, 0, 0.0387318, 0, 1, 0, -0.0387318, 0, -0.99925, 79.8676, 0, -34.2898 )

[node name="Tree298" parent="TreeScatter" instance=ExtResource( 7 )]
transform = Transform( 0.9115, 0, 0.411301, 0, 1, 0, -0.411301, 0, 0.9115, 67.2985, -1.90735e-06, -19.762 )

[node name="Tree299" parent="TreeScatter" instance=ExtResource( 7 )]
transform = Transform( 0.874555, 0, -0.484927, 0, 1, 0, 0.484927, 0, 0.874555, 73.3857, 0, -17.5406 )

[node name="Tree300" parent="TreeScatter" instance=ExtResource( 7 )]
transform = Transform( 0.160438, 0, -0.987046, 0, 1, 0, 0.987046, 0, 0.160438, 80.1287, -1.90735e-06, -13.9748 )

[node name="Tree301" parent="TreeScatter" instance=ExtResource( 7 )]
transform = Transform( 0.725434, 0, -0.688291, 0, 1, 0, 0.688291, 0, 0.725434, 74.9054, 0, -14.1069 )

[node name="Tree302" parent="TreeScatter" instance=ExtResource( 7 )]
transform = Transform( 0.606514, 0, -0.795073, 0, 1, 0, 0.795073, 0, 0.606514, 51.2221, 0, -20.9176 )

[node name="Tree303" parent="TreeScatter" instance=ExtResource( 7 )]
transform = Transform( -0.973402, 0, -0.229104, 0, 1, 0, 0.229104, 0, -0.973402, 62.6305, -1.90735e-06, -29.0223 )

[node name="Tree304" parent="TreeScatter" instance=ExtResource( 7 )]
transform = Transform( 0.939567, 0, -0.342366, 0, 1, 0, 0.342366, 0, 0.939567, 72.974, 0, -22.6854 )

[node name="Tree305" parent="TreeScatter" instance=ExtResource( 7 )]
transform = Transform( -0.0820509, 0, 0.996628, 0, 1, 0, -0.996628, 0, -0.0820509, 61.5603, 0, -14.5612 )

[node name="Tree306" parent="TreeScatter" instance=ExtResource( 7 )]
transform = Transform( 0.990808, 0, 0.135274, 0, 1, 0, -0.135274, 0, 0.990808, 55.7271, 0, -15.4779 )

[node name="Tree307" parent="TreeScatter" instance=ExtResource( 7 )]
transform = Transform( 0.970186, 0, 0.242361, 0, 1, 0, -0.242361, 0, 0.970186, 60.2646, 0, -34.8712 )

[node name="Tree308" parent="TreeScatter" instance=ExtResource( 7 )]
transform = Transform( -0.242099, 0, -0.970252, 0, 1, 0, 0.970252, 0, -0.242099, 68.0712, -1.90735e-06, -39.626 )

[node name="Tree309" parent="TreeScatter" instance=ExtResource( 7 )]
transform = Transform( 0.491376, 0, -0.870947, 0, 1, 0, 0.870947, 0, 0.491376, 71.4881, -1.90735e-06, -37.4519 )

[node name="Tree69" parent="TreeScatter" instance=ExtResource( 7 )]
transform = Transform( 0.568076, 0, 0.822976, 0, 1, 0, -0.822976, 0, 0.568076, 59.3727, 0, -177.175 )

[node name="Tree70" parent="TreeScatter" instance=ExtResource( 7 )]
transform = Transform( 0.538981, 0, 0.842318, 0, 1, 0, -0.842318, 0, 0.538981, 76.3935, 3.8147e-06, -61.4559 )

[node name="Tree71" parent="TreeScatter" instance=ExtResource( 7 )]
transform = Transform( 0.750319, 0, -0.661076, 0, 1, 0, 0.661076, 0, 0.750319, 61.7266, 0, -95.2442 )

[node name="Tree72" parent="TreeScatter" instance=ExtResource( 7 )]
transform = Transform( -0.130809, 0, -0.991408, 0, 1, 0, 0.991408, 0, -0.130809, 73.3835, 3.8147e-06, -102.941 )

[node name="Tree73" parent="TreeScatter" instance=ExtResource( 7 )]
transform = Transform( 0.919586, 0, 0.392889, 0, 1, 0, -0.392889, 0, 0.919586, 79.364, 3.8147e-06, -104.149 )

[node name="Tree159" parent="TreeScatter" instance=ExtResource( 7 )]
transform = Transform( -0.99329, 0, 0.115649, 0, 1, 0, -0.115649, 0, -0.99329, 89.9519, -3.8147e-06, -94.6812 )

[node name="Tree160" parent="TreeScatter" instance=ExtResource( 7 )]
transform = Transform( 0.996228, 0, -0.0867703, 0, 1, 0, 0.0867703, 0, 0.996228, 75.9225, -7.62939e-06, -54.8604 )

[node name="Tree161" parent="TreeScatter" instance=ExtResource( 7 )]
transform = Transform( -0.396646, 0, -0.917972, 0, 1, 0, 0.917972, 0, -0.396646, 70.732, -1.14441e-05, -57.3175 )

[node name="Tree162" parent="TreeScatter" instance=ExtResource( 7 )]
transform = Transform( -0.453221, 0, -0.891398, 0, 1, 0, 0.891398, 0, -0.453221, 49.5295, -3.8147e-06, -79.4677 )

[node name="Tree163" parent="TreeScatter" instance=ExtResource( 7 )]
transform = Transform( 0.911477, 0, 0.41135, 0, 1, 0, -0.41135, 0, 0.911477, 41.5167, -3.8147e-06, -128.773 )

[node name="Tree164" parent="TreeScatter" instance=ExtResource( 7 )]
transform = Transform( 0.782382, 0, -0.622798, 0, 1, 0, 0.622798, 0, 0.782382, 35.9338, -3.8147e-06, -123.902 )

[node name="Tree165" parent="TreeScatter" instance=ExtResource( 7 )]
transform = Transform( -0.967088, 0, 0.254441, 0, 1, 0, -0.254441, 0, -0.967088, 43.8362, -3.8147e-06, -122.903 )

[node name="Tree166" parent="TreeScatter" instance=ExtResource( 7 )]
transform = Transform( 0.416914, 0, 0.908946, 0, 1, 0, -0.908946, 0, 0.416914, 54.1935, 0, -127.649 )

[node name="Tree167" parent="TreeScatter" instance=ExtResource( 7 )]
transform = Transform( -0.776171, 0, 0.630523, 0, 1, 0, -0.630523, 0, -0.776171, 61.5883, 3.98945, -137.136 )

[node name="Tree168" parent="TreeScatter" instance=ExtResource( 7 )]
